01010000000000000000000000101100
01001111101111110000000000000001
00110011110111100000000000000001
00110011110111100000000000000001
01001011101000110000000000000010
00110011110111100000000000000001
00110011110111100000000000000001
01001011101001000000000000000011
00110000000001000000000000000010
01001111101001000000000000000011
01001011101001010000000000000100
00110000000001010000000000000000
01001111101001010000000000000100
00001000100001000011000000000000
00110000011001110000000000000001
00100000110001110100000000000000
01000001000000000000000000100000
00001100011001000100100000000000
00001001001001000101000000000000
01100101010010110001100000000000
01000001011000000000000000011001
00110000101011000000000000000000
00000000000011000010100000000000
01001111101001010000000000000100
01010000000000000000000000011100
00110000101011010000000000000001
00000000000011010010100000000000
01001111101001010000000000000100
00110000100011100000000000000001
00000000000011100010000000000000
01001111101001000000000000000011
01010000000000000000000000001101
00100100011000000111100000000000
01000001111000000000000000101001
00110100100100000000000000000010
01100100101100011000000000000000
01000010001000000000000000100111
00000010010000001110000000000000
01010000000000000000000000101000
00000010011000001110000000000000
01010000000000000000000000101001
00000010011000001110000000000000
01001000000111110000000000000001
01010111111000000000000000000000
00110011110111100000000000000001
00110011110111100000000000000001
00110011110111100000000000000001
01001011101101010000000000000000
00110000000101010000000000000000
01001111101101010000000000000011
01001011101101100000000000000001
00110000000101100000000000000001
01001111101101100000000000000100
01011111100000000000000000000000
01001011101101110000000000000010
00000000000111001011100000000000
01001111101101110000000000000010
01001111110101110000000000000000
00110011110111100000000000000001
01001111110111010000000000000000
00110011101111100000000000000000
00110011110111100000000000000001
01001111101101110000000000000010
01011000000000000000000000000001
00110011101111100000000000000000
01001011101111010000000000000000
00110111110111100000000000000001
01001011110101110000000000000000
01100111000110011110000000000000
01000011001000000000000001001000
01100010101000000000000000000000
01010000000000000000000001001001
01100010110000000000000000000000
11111100000000000000000000000000
01010000000000000000000001001001